§§§TEST§§§ ICA Computation for all recordings took in total: §§§
220.19700145721436  (evaluation time in sec)
§§§TEST§§§ PEAK DETECT Computation for all recordings took in total: §§§
451.6830017566681  (evaluation time in sec)
Average MNE Raw Object creation times in sec (together with std)
       0      1
0  0.003  0.006
1  0.003  0.006
2  0.003  0.006
3  0.003  0.006
4  0.003  0.006
5  0.003  0.006
6  0.003  0.006
7  0.003  0.006
Average MNE filtering times in sec (together with std)
       0      1
0  0.021  0.005
1  0.021  0.005
2  0.021  0.005
3  0.021  0.005
4  0.021  0.005
5  0.021  0.005
6  0.021  0.005
7  0.021  0.005
Average ICA fitting times in sec (together with std)
       0      1
0  0.030  0.028
1  0.025  0.003
2  0.025  0.004
3  0.023  0.005
4  0.030  0.009
5  0.536  0.109
6  0.019  0.008
7  0.790  0.121
Average amount of actual ICA iterations performed (together with std)
     0    1
0  1.0  0.0
1  1.0  0.0
2  1.0  0.0
3  1.0  0.0
4  1.0  0.0
5  1.0  0.0
6  1.0  0.0
7  1.0  0.0
Average amount of seconds per iteration needed (together with std)
       0      1
0  0.030  0.028
1  0.025  0.003
2  0.025  0.004
3  0.023  0.005
4  0.030  0.009
5  0.536  0.109
6  0.019  0.008
7  0.790  0.121
Average ICA pTp-SNRs (together with std)
       0      1
0  2.140  0.946
1  1.512  1.038
2  0.382  0.723
3  1.378  1.029
4  3.572  0.683
5  3.253  1.245
6  1.461  0.900
7  2.094  1.198
Average ICA rssq-SNRs (together with std)
       0      1
0 -3.334  0.808
1 -3.929  0.930
2 -5.003  0.794
3 -4.061  0.943
4 -1.928  0.542
5 -2.225  1.084
6 -3.936  0.879
7 -3.543  1.390
Average pTp-SNRs of reference chest-ECG(together with std)
       0      1
0  7.047  0.657
1  7.047  0.657
2  7.047  0.657
3  7.047  0.657
4  7.047  0.657
5  7.047  0.657
6  7.047  0.657
7  7.047  0.657
Average rssq-SNRs of reference chest-ECG (together with std)
      0      1
0  2.11  0.516
1  2.11  0.516
2  2.11  0.516
3  2.11  0.516
4  2.11  0.516
5  2.11  0.516
6  2.11  0.516
7  2.11  0.516
Average ICA Corrs with Ref ECG (together with std)
       0      1
0  0.526  0.065
1  0.489  0.071
2  0.426  0.058
3  0.482  0.071
4  0.640  0.048
5  0.633  0.076
6  0.501  0.078
7  0.535  0.089
Average distance of ICA Corr with Ref ECG to rest of correlation values (together with std)
       0      1
0  0.242  0.091
1  0.174  0.108
2  0.082  0.063
3  0.151  0.108
4  0.524  0.070
5  0.518  0.127
6  0.193  0.119
7  0.274  0.173
Average proportion of variance (in the original input data) explained by the ECG-related IC (together with std)
       0      1
0  0.060  0.065
1  0.087  0.101
2  0.106  0.122
3  0.091  0.108
4  0.031  0.026
5  0.032  0.026
6  0.080  0.097
7  0.110  0.124
PD x ICA: Average PD Computation Times in Seconds
        0      1      2      3      4      5      6      7
0   0.010  0.006  0.005  0.006  0.007  0.010  0.007  0.009
1   0.009  0.012  0.013  0.013  0.010  0.009  0.012  0.010
2   0.048  0.045  0.047  0.048  0.045  0.049  0.050  0.048
3   0.036  0.037  0.035  0.038  0.035  0.037  0.035  0.044
4   0.022  0.021  0.019  0.021  0.019  0.018  0.023  0.018
5   0.021  0.020  0.020  0.020  0.018  0.019  0.021  0.021
6   0.147  0.129  0.126  0.129  0.156  0.158  0.135  0.137
7   0.139  0.137  0.128  0.145  0.158  0.160  0.131  0.148
8   0.001  0.005  0.005  0.001  0.006  0.004  0.004  0.008
9   0.005  0.008  0.007  0.009  0.004  0.009  0.009  0.004
10  0.421  0.429  0.415  0.416  0.419  0.418  0.418  0.422
11  0.350  0.345  0.348  0.355  0.353  0.379  0.349  0.345
12  0.060  0.058  0.057  0.058  0.059  0.056  0.057  0.057
13  0.024  0.022  0.022  0.019  0.018  0.025  0.022  0.022
14  0.726  0.693  0.677  0.691  0.709  0.730  0.683  0.701
PD x ICA: Average COMBINED Computation Times in Seconds
        0      1      2      3      4      5      6      7
0   0.040  0.031  0.029  0.029  0.037  0.546  0.027  0.799
1   0.040  0.037  0.038  0.035  0.041  0.545  0.031  0.800
2   0.079  0.070  0.072  0.070  0.075  0.585  0.069  0.837
3   0.067  0.062  0.059  0.061  0.065  0.573  0.054  0.834
4   0.052  0.046  0.044  0.044  0.050  0.554  0.043  0.807
5   0.051  0.045  0.044  0.043  0.048  0.555  0.040  0.811
6   0.178  0.154  0.151  0.152  0.186  0.694  0.155  0.927
7   0.169  0.162  0.152  0.168  0.188  0.696  0.150  0.937
8   0.032  0.030  0.029  0.024  0.036  0.539  0.023  0.798
9   0.036  0.032  0.032  0.031  0.035  0.545  0.028  0.794
10  0.451  0.454  0.439  0.439  0.450  0.954  0.437  1.212
11  0.381  0.370  0.373  0.377  0.384  0.915  0.368  1.134
12  0.090  0.083  0.081  0.081  0.090  0.592  0.076  0.847
13  0.054  0.047  0.046  0.041  0.048  0.560  0.041  0.812
14  0.756  0.718  0.702  0.714  0.739  1.266  0.703  1.490
PD x ICA: Average JF-Scores PD
         0       1       2       3       4       5       6       7
0    3.196   4.158   2.732   4.178   4.067   3.617   1.416   4.015
1    7.037   5.917   4.054   4.871  22.410  23.693   6.102   6.411
2    6.277   3.765   2.624   4.081  13.212  12.760   2.242   4.493
3   23.036  23.468  13.555  22.342  57.264  57.060  18.281  27.962
4   30.964  30.441  32.682  29.908  43.353  44.733  35.329  39.675
5   11.716  15.808  20.339  16.465  21.664  24.456  23.146  18.292
6   13.170  10.477  12.196  10.795  22.309  24.447  11.447  16.739
7    9.131   8.283  10.192   8.797  17.668  17.866  11.945  17.020
8   83.387  70.278  47.948  68.479  94.276  92.844  73.803  78.558
9   83.387  70.278  47.948  68.479  94.276  92.844  73.803  78.558
10  14.529  15.374  17.105  15.203  17.824  22.356  14.423  13.847
11   5.090   4.250   3.944   5.237  11.220  14.224   6.107   5.179
12  74.994  66.013  50.651  65.704  92.936  88.137  67.042  74.973
13  24.431  22.029  16.842  21.482  41.255  40.711  23.773  27.556
14  33.513  24.095  23.906  24.937  50.136  43.238  23.215  31.952
PD x ICA: Average True Positives Amount PD
         0       1       2       3       4       5       6       7
0    1.308   1.308   1.308   1.308   1.538   1.231   0.615   1.769
1    1.769   1.769   1.462   1.538   2.385   2.615   1.846   1.538
2    2.000   1.308   1.077   1.462   1.692   1.385   0.769   1.231
3    3.231   4.000   3.308   3.692   5.385   5.846   3.462   3.846
4    6.615   6.692   7.385   6.769  10.000  10.923   8.692   9.846
5    2.000   2.846   4.308   3.000   2.154   2.385   4.231   2.538
6    4.077   3.385   4.231   3.615   5.308   5.692   3.923   5.154
7    2.923   2.615   3.692   2.692   3.769   3.692   4.308   5.231
8   21.615  17.231  12.154  16.692  24.000  24.385  16.615  20.308
9   21.615  17.231  12.154  16.692  24.000  24.385  16.615  20.308
10   2.385   2.846   2.692   2.769   2.692   3.615   2.615   2.462
11   3.462   2.923   2.923   3.692   4.538   5.308   4.077   3.462
12   7.154   7.077   6.769   7.308   9.615  10.231   8.462   9.385
13   7.923   7.769   6.538   7.538  12.077  11.692   8.923   9.385
14   5.385   3.846   3.923   4.000   7.462   6.154   3.615   4.769
PD x ICA: Average False Negatives Amount PD
         0       1       2       3       4       5       6       7
0    0.000   0.154   0.000   0.154   0.000   0.000   0.000   0.000
1    0.000   0.077   0.077   0.000   0.231   0.077   0.000   0.077
2    2.846   3.769   3.923   3.769   0.923   0.308   3.923   2.538
3    0.231   0.538   0.846   0.462   0.077   0.308   0.385   0.000
4    1.077   1.231   1.692   1.385   1.000   0.769   1.154   0.923
5    0.154   0.077   0.154   0.077   0.000   0.231   0.077   0.000
6   14.462  11.846   8.846  12.308  22.231  20.846   9.615  14.769
7   12.462  10.769   6.308  11.000  20.231  19.077   9.308  13.000
8    0.077   0.077   0.462   0.077   0.077   0.000   0.154   0.077
9    0.077   0.077   0.462   0.077   0.077   0.000   0.154   0.077
10  13.923  15.154  13.308  15.231  13.538  12.615  15.154  14.385
11   0.538   0.615   0.308   0.615   0.154   0.231   0.308   0.308
12   0.615   1.231   2.385   1.231   0.154   0.462   1.615   0.846
13   0.000   0.000   0.077   0.000   0.000   0.000   0.000   0.000
14   1.462   1.308   1.846   1.538   0.769   0.769   1.077   0.923
PD x ICA: Average False Positives Amount PD
          0        1        2        3        4        5        6        7
0    78.923   78.923   92.154   79.615   69.923   68.769   84.692   85.308
1    56.308   57.000   69.923   61.308   19.615   26.154   56.000   58.846
2    62.692   66.231   75.308   66.538   43.846   45.385   65.000   63.077
3    27.769   34.615   47.462   35.308   10.846   11.154   34.692   32.154
4    27.462   26.923   28.308   27.615   24.231   24.846   27.154   26.308
5    21.692   25.231   29.000   25.231   16.154   15.231   23.308   20.462
6    38.846   41.769   49.462   42.154   14.385   16.923   48.615   33.615
7    43.615   45.231   54.385   44.154   19.308   20.462   49.154   39.000
8     8.462   15.538   27.615   16.538    2.615    3.538   11.923   10.000
9     8.462   15.538   27.615   16.538    2.615    3.538   11.923   10.000
10   11.154   13.154   14.462   13.308    7.538    7.231   12.385   12.769
11  151.000  155.308  159.154  156.615  127.462  124.769  153.846  143.385
12    3.385    5.231    9.231    5.538    1.231    1.615    5.231    4.615
13   50.077   54.923   64.000   55.615   35.462   35.385   56.231   52.000
14   19.000   21.077   21.077   19.923   14.077   14.692   21.231   18.385
PD x ICA: Average Displacements in Samples PD
         0       1       2       3       4       5       6       7
0   17.181  17.632  19.862  17.880  16.037  17.064  19.128  17.623
1   14.109  15.891  17.961  16.277  12.124  11.865  16.118  14.640
2   22.918  23.436  24.850  23.893  18.160  18.717  22.889  20.921
3   12.906  14.551  18.759  14.516   8.638   8.791  15.067  13.226
4   12.629  16.780  22.405  17.468   7.646   7.025  14.400  13.177
5   14.689  16.108  19.578  16.569  11.766  11.729  15.931  16.210
6   17.064  20.257  27.616  21.639  12.742  13.892  21.923  20.942
7   18.540  21.362  26.534  21.323  10.632  13.503  24.669  18.358
8    5.809   8.252  12.845   8.493   2.940   3.200   7.317   6.352
9    5.809   8.252  12.845   8.493   2.940   3.200   7.317   6.352
10  20.035  20.585  21.382  20.654  18.823  19.220  21.117  20.770
11  10.873  10.887  11.587  11.079  10.004  10.378  11.436  10.593
12  20.985  24.506  32.530  25.191  12.560  14.222  27.081  22.294
13   4.897   5.858   8.181   6.326   3.183   3.453   5.792   4.094
14   6.358   8.928  14.468   9.633   4.983   5.387   8.658   7.896
PD x ICA: Average Amount Displacements PD
          0        1        2        3        4        5        6        7
0    63.154   63.000   63.154   63.000   62.923   63.231   63.846   62.692
1    62.846   62.769   63.077   63.077   62.000   61.923   62.769   63.000
2    60.154   59.923   60.000   59.769   62.385   63.308   60.308   61.231
3    61.231   60.154   60.538   60.538   59.231   58.538   60.846   60.846
4    58.308   58.077   56.923   57.846   55.000   54.308   56.154   55.231
5    62.154   61.385   59.846   61.231   62.154   61.692   60.000   61.769
6    42.154   45.462   47.615   44.769   33.154   34.154   47.154   40.769
7    45.154   47.154   50.538   46.846   36.538   37.769   46.923   42.308
8    42.385   46.769   51.462   47.308   40.000   39.692   47.308   43.692
9    42.385   46.769   51.462   47.308   40.000   39.692   47.308   43.692
10  112.769  111.077  113.077  111.077  112.846  112.846  111.308  112.231
11   60.385   60.846   61.154   60.077   59.692   58.846   60.000   60.615
12   55.538   55.000   54.154   54.769   53.538   52.615   53.231   53.077
13   57.231   57.385   58.538   57.615   53.077   53.462   56.231   55.769
14   57.308   59.000   58.385   58.615   55.923   57.231   59.462   58.462
§§§TEST§§§ Evaluation for all recordings took in total: §§§
6.304901838302612  (segmentation time in sec)
672.2016625404358  (evaluation time in sec)
Single PD: Average Computation Times in Seconds PD (with std)
        0      1
0   0.008  0.008
1   0.011  0.005
2   0.047  0.008
3   0.037  0.009
4   0.020  0.006
5   0.020  0.006
6   0.140  0.028
7   0.143  0.023
8   0.004  0.007
9   0.007  0.007
10  0.420  0.030
11  0.353  0.028
12  0.058  0.007
13  0.022  0.006
14  0.701  0.058
Single PD: Average JF-Scores PD (with std)
         0       1
0    3.422   3.572
1   10.062  11.819
2    6.182  10.670
3   30.371  25.798
4   35.885  13.554
5   18.986  15.178
6   15.197  10.372
7   12.613   8.648
8   76.197  21.940
9   76.197  21.940
10  16.333  13.207
11   6.906   9.622
12  72.556  22.249
13  27.260  11.927
14  31.874  15.822
Single PD: Average True Positives Amount PD (with std)
         0      1
0    1.298  1.232
1    1.865  1.331
2    1.365  1.185
3    4.096  2.230
4    8.365  4.247
5    2.933  3.020
6    4.423  3.031
7    3.615  2.596
8   19.125  6.610
9   19.125  6.610
10   2.760  2.323
11   3.798  2.455
12   8.250  4.233
13   8.981  3.365
14   4.894  2.763
Single PD: Average False Negatives Amount PD (with std)
         0       1
0    0.038   0.275
1    0.067   0.251
2    2.750  10.274
3    0.356   1.386
4    1.154   2.328
5    0.096   0.326
6   14.365   9.608
7   12.769   8.943
8    0.125   0.359
9    0.125   0.359
10  14.163   5.360
11   0.385   0.543
12   1.067   1.583
13   0.010   0.098
14   1.212   1.609
Single PD: Average False Positives Amount PD (with std)
          0       1
0    79.788  16.345
1    50.644  22.058
2    61.010  26.914
3    29.250  19.257
4    26.606   5.052
5    22.038   7.122
6    35.721  21.146
7    39.413  21.591
8    12.029  12.531
9    12.029  12.531
10   11.500   5.624
11  146.442  47.534
12    4.510   3.606
13   50.462  13.824
14   18.683   5.285
Single PD: Average Displacements in Samples PD (with std)
         0       1
0   17.804  14.052
1   14.885  12.262
2   21.929  19.239
3   13.338  15.772
4   14.021  22.398
5   15.299  22.466
6   20.011  41.525
7   19.865  39.809
8    7.148  15.297
9    7.148  15.297
10  20.321  15.837
11  10.858   8.612
12  22.458  31.950
13   5.269  11.336
14   8.321  16.002
Single PD: Average Amount Displacements PD (with std)
          0       1
0    63.125   3.894
1    62.683   4.608
2    60.885  11.897
3    60.240   5.195
4    56.481   5.129
5    61.279   4.650
6    41.904  10.119
7    44.154   9.760
8    44.827   7.596
9    44.827   7.596
10  112.154   8.694
11   60.202   4.935
12   53.990   4.757
13   56.163   4.691
14   58.048   4.621
RESULTS REPORT FOR
Proband_01
ICA_iterations:  1
PC_considered:  7
Time_started: 17:44
Date: 27.06.2024
NOTES:
neurokit pd excluded (dirty and clean)