§§§TEST§§§ ICA Computation for all recordings took in total: §§§
254.97085785865784  (evaluation time in sec)
§§§TEST§§§ PEAK DETECT Computation for all recordings took in total: §§§
457.0363507270813  (evaluation time in sec)
Average MNE Raw Object creation times in sec (together with std)
       0      1
0  0.001  0.004
1  0.001  0.004
2  0.001  0.004
3  0.001  0.004
4  0.001  0.004
5  0.001  0.004
6  0.001  0.004
7  0.001  0.004
Average MNE filtering times in sec (together with std)
       0      1
0  0.029  0.018
1  0.029  0.018
2  0.029  0.018
3  0.029  0.018
4  0.029  0.018
5  0.029  0.018
6  0.029  0.018
7  0.029  0.018
Average ICA fitting times in sec (together with std)
       0      1
0  0.049  0.010
1  0.044  0.010
2  0.053  0.009
3  0.040  0.004
4  0.090  0.006
5  1.536  0.525
6  0.029  0.004
7  2.633  0.109
Average amount of actual ICA iterations performed (together with std)
     0    1
0  4.0  0.0
1  4.0  0.0
2  4.0  0.0
3  4.0  0.0
4  4.0  0.0
5  4.0  0.0
6  4.0  0.0
7  4.0  0.0
Average amount of seconds per iteration needed (together with std)
       0      1
0  0.012  0.003
1  0.011  0.003
2  0.013  0.002
3  0.010  0.001
4  0.022  0.002
5  0.384  0.131
6  0.007  0.001
7  0.658  0.027
Average ICA pTp-SNRs (together with std)
       0      1
0  3.337  0.716
1  3.325  0.777
2  2.882  0.994
3  3.332  0.971
4  3.608  0.651
5  3.530  0.785
6  3.467  0.812
7  3.372  1.045
Average ICA rssq-SNRs (together with std)
       0      1
0 -2.133  0.542
1 -2.220  0.660
2 -2.635  0.967
3 -2.196  0.808
4 -1.900  0.520
5 -1.979  0.626
6 -2.055  0.694
7 -2.161  0.876
Average pTp-SNRs of reference chest-ECG(together with std)
       0      1
0  7.047  0.657
1  7.047  0.657
2  7.047  0.657
3  7.047  0.657
4  7.047  0.657
5  7.047  0.657
6  7.047  0.657
7  7.047  0.657
Average rssq-SNRs of reference chest-ECG (together with std)
      0      1
0  2.11  0.516
1  2.11  0.516
2  2.11  0.516
3  2.11  0.516
4  2.11  0.516
5  2.11  0.516
6  2.11  0.516
7  2.11  0.516
Average ICA Corrs with Ref ECG (together with std)
       0      1
0  0.610  0.054
1  0.615  0.049
2  0.577  0.065
3  0.621  0.052
4  0.638  0.042
5  0.629  0.062
6  0.625  0.050
7  0.622  0.075
Average distance of ICA Corr with Ref ECG to rest of correlation values (together with std)
       0      1
0  0.427  0.111
1  0.442  0.102
2  0.345  0.116
3  0.473  0.111
4  0.525  0.056
5  0.506  0.089
6  0.482  0.075
7  0.477  0.140
Average proportion of variance (in the original input data) explained by the ECG-related IC (together with std)
       0      1
0  0.036  0.028
1  0.045  0.040
2  0.049  0.052
3  0.034  0.027
4  0.031  0.024
5  0.029  0.023
6  0.033  0.024
7  0.034  0.025
PD x ICA: Average PD Computation Times in Seconds
        0      1      2      3      4      5      6      7
0   0.004  0.004  0.002  0.006  0.005  0.001  0.005  0.004
1   0.009  0.008  0.010  0.005  0.007  0.011  0.007  0.005
2   0.006  0.011  0.008  0.009  0.008  0.007  0.009  0.010
3   0.006  0.006  0.005  0.004  0.006  0.004  0.006  0.005
4   0.047  0.049  0.049  0.044  0.047  0.052  0.046  0.046
5   0.036  0.036  0.036  0.037  0.039  0.037  0.037  0.037
6   0.020  0.020  0.023  0.019  0.020  0.020  0.018  0.021
7   0.020  0.017  0.016  0.019  0.017  0.020  0.017  0.018
8   0.142  0.153  0.148  0.153  0.159  0.151  0.153  0.158
9   0.154  0.163  0.150  0.152  0.156  0.161  0.158  0.158
10  0.004  0.001  0.002  0.005  0.002  0.003  0.005  0.006
11  0.009  0.009  0.007  0.003  0.007  0.008  0.007  0.009
12  0.423  0.437  0.425  0.413  0.418  0.423  0.419  0.414
13  0.356  0.365  0.354  0.360  0.357  0.354  0.350  0.356
14  0.056  0.055  0.057  0.050  0.056  0.056  0.056  0.057
15  0.024  0.026  0.023  0.025  0.027  0.025  0.025  0.021
16  0.694  0.695  0.689  0.707  0.704  0.700  0.694  0.710
PD x ICA: Average COMBINED Computation Times in Seconds
        0      1      2      3      4      5      6      7
0   0.053  0.048  0.056  0.046  0.095  1.536  0.034  2.637
1   0.058  0.052  0.063  0.045  0.097  1.547  0.036  2.637
2   0.054  0.055  0.062  0.049  0.098  1.542  0.038  2.643
3   0.055  0.050  0.058  0.044  0.095  1.540  0.035  2.638
4   0.096  0.094  0.103  0.084  0.137  1.587  0.074  2.679
5   0.085  0.081  0.090  0.077  0.129  1.572  0.066  2.669
6   0.069  0.064  0.077  0.059  0.110  1.556  0.047  2.654
7   0.069  0.061  0.070  0.059  0.106  1.556  0.045  2.651
8   0.191  0.198  0.202  0.193  0.248  1.687  0.182  2.791
9   0.203  0.207  0.203  0.192  0.246  1.696  0.186  2.790
10  0.053  0.046  0.056  0.046  0.091  1.538  0.034  2.639
11  0.058  0.053  0.061  0.043  0.097  1.543  0.035  2.642
12  0.472  0.481  0.478  0.453  0.508  1.959  0.448  3.047
13  0.404  0.409  0.408  0.400  0.447  1.889  0.379  2.989
14  0.105  0.099  0.110  0.090  0.145  1.591  0.085  2.690
15  0.073  0.070  0.077  0.065  0.117  1.561  0.053  2.654
16  0.743  0.739  0.742  0.747  0.794  2.236  0.723  3.343
PD x ICA: Average JF-Scores PD
         0       1       2       3       4       5       6       7
0   89.506  85.222  74.987  88.597  93.229  90.185  89.632  88.998
1   64.878  68.449  66.128  67.982  72.872  71.885  71.134  70.781
2    5.687   2.765   3.140   3.663   5.171   5.769   4.737   4.795
3   21.716  22.479  15.840  19.679  20.816  21.669  21.837  22.375
4    9.737  11.814   6.726  17.790  16.036  16.291  13.093  10.438
5   50.043  47.180  42.019  41.894  57.978  51.677  53.842  53.644
6   37.418  41.044  32.547  38.781  41.013  38.521  37.251  40.834
7   18.529  17.676  13.637  16.613  17.823  16.800  17.111  17.636
8   16.870  17.585  14.957  15.563  18.467  17.705  17.019  18.130
9   15.783  14.582  11.066  14.387  14.883  16.703  12.916  17.908
10  92.829  94.220  90.059  92.357  95.071  93.940  93.225  91.633
11  92.829  94.220  90.059  92.357  95.071  93.940  93.225  91.633
12  20.149  16.393  13.868  20.776  25.188  23.687  22.822  20.457
13   8.300   9.009   9.504   9.348   9.866  10.631  11.843   9.671
14  88.726  86.927  85.755  89.394  91.852  90.466  89.306  86.672
15  32.772  36.278  31.892  38.752  39.293  39.504  37.269  38.049
16  35.517  42.616  39.163  36.543  43.132  40.782  40.737  46.241
PD x ICA: Average True Positives Amount PD
         0       1       2       3       4       5       6       7
0    8.923   9.000   6.308   8.538   9.308   9.077   8.308   9.154
1    3.462   3.538   4.538   3.692   3.538   3.462   3.615   3.538
2    2.154   1.000   1.231   1.308   1.923   2.000   1.615   1.538
3    2.000   2.923   2.462   2.231   2.154   2.231   2.385   2.923
4    1.538   1.769   1.769   2.231   2.000   2.462   1.308   1.615
5    5.154   5.077   4.923   4.000   5.308   5.769   4.769   5.615
6    8.385   9.385   6.769   8.538   8.846   8.308   7.538   8.923
7    2.077   1.615   1.846   1.769   1.769   1.769   2.154   1.923
8    4.077   4.462   3.769   3.692   4.308   4.231   4.000   4.462
9    3.923   3.385   3.000   3.154   3.077   3.615   2.769   3.923
10  23.000  25.308  23.769  23.692  24.385  24.923  25.231  24.462
11  23.000  25.308  23.769  23.692  24.385  24.923  25.231  24.462
12   2.923   2.615   2.000   3.308   3.923   3.846   3.692   3.000
13   4.462   4.154   4.538   5.077   3.923   3.923   4.846   4.000
14   8.154   8.385   6.846   7.923   8.308   7.769   7.692   8.000
15   9.615  10.923   9.615  12.000  11.000  11.385  10.692  11.000
16   4.615   6.692   6.308   5.692   6.615   6.231   6.154   6.615
PD x ICA: Average False Negatives Amount PD
         0       1       2       3       4       5       6       7
0    2.231   2.538   7.385   2.615   1.385   1.385   2.846   5.000
1    0.308   0.231   0.846   0.385   0.385   0.462   0.308   0.846
2    0.000   0.000   0.000   0.000   0.000   0.769   0.000   0.000
3    0.154   0.077   0.154   0.154   0.308   0.231   0.077   0.077
4    0.923   1.615   4.231   1.615   1.077   1.615   3.538   4.154
5    0.077   0.077   0.308   0.000   0.077   0.154   0.077   0.231
6    0.692   0.846   1.154   0.846   0.846   1.000   0.923   0.769
7    0.077   0.077   0.000   0.154   0.077   0.077   0.000   0.000
8   19.462  20.231  20.846  19.923  22.923  20.846  23.462  20.769
9   18.692  18.846  21.077  18.077  19.538  19.154  20.769  20.308
10   0.000   0.077   0.077   0.154   0.000   0.000   0.154   0.154
11   0.000   0.077   0.077   0.154   0.000   0.000   0.154   0.154
12  14.154  13.385  13.615  14.308  13.385  14.769  13.308  13.615
13   0.308   0.231   0.308   0.231   0.231   0.154   0.231   0.154
14   0.231   0.154   0.154   0.154   0.154   0.231   0.308   0.462
15   0.000   0.000   0.000   0.000   0.000   0.000   0.000   0.000
16   1.000   0.538   0.846   0.615   0.769   1.000   0.846   0.769
PD x ICA: Average False Positives Amount PD
          0        1        2        3        4        5        6        7
0     0.385    0.538    0.385    0.538    0.231    0.769    0.231    0.231
1     2.615    2.077    2.000    2.154    2.000    2.077    1.846    1.769
2    72.692   70.538   72.769   68.462   69.692   62.462   68.308   66.846
3    23.769   32.692   36.308   25.000   19.308   22.000   23.462   26.462
4    44.538   49.154   53.385   36.385   42.000   35.538   40.846   39.538
5    12.846   13.769   16.385   17.538   10.692   13.615   12.385   14.077
6    26.615   24.308   25.923   24.385   23.923   23.846   23.923   24.462
7    15.615   14.615   18.385   15.692   15.846   16.462   16.692   16.385
8    27.000   21.692   21.846   22.154   16.538   19.538   16.615   19.000
9    26.308   23.231   24.462   24.462   20.692   21.154   21.615   19.077
10    3.154    2.846    5.000    3.692    2.385    2.846    3.308    3.923
11    3.154    2.846    5.000    3.692    2.385    2.846    3.308    3.923
12    8.231    7.769    9.154    7.538    7.615    7.615    7.692    8.077
13  135.692  139.308  135.846  134.154  129.923  130.231  129.154  130.462
14    1.923    1.692    2.154    1.538    1.385    1.308    1.538    2.000
15   39.615   38.692   42.462   38.615   35.692   36.462   37.385   37.462
16   15.385   16.154   16.846   17.769   15.923   16.231   16.769   13.538
PD x ICA: Average Displacements in Samples PD
         0       1       2       3       4       5       6       7
0    2.509   2.607   2.862   2.474   2.440   2.366   2.331   2.190
1    2.078   2.028   2.221   2.054   1.900   1.837   1.940   1.997
2   16.341  17.091  17.408  15.622  15.357  15.430  15.152  15.971
3   12.770  12.437  13.182  12.999  11.933  12.175  12.455  12.302
4   18.445  19.134  20.355  16.540  18.396  16.688  17.960  16.799
5    9.435   9.255  10.437  10.413   8.441   9.656   9.373  10.354
6    9.258   7.477   9.564   8.087   7.500   7.486   7.890   7.945
7   12.298  11.713  13.176  12.709  12.028  12.622  12.684  12.313
8   15.714  12.735  11.552  14.228  11.869  12.864   9.493  13.835
9   15.450  17.331  16.713  18.458  14.203  11.735  14.632  13.557
10   4.393   3.624   3.277   4.149   2.700   3.267   2.930   3.127
11   4.393   3.624   3.277   4.149   2.700   3.267   2.930   3.127
12  18.564  19.390  19.662  19.609  18.959  19.054  19.165  19.468
13  10.627  10.859  10.302  10.904   9.957  10.510  10.388  10.347
14  12.912  13.944  16.900  13.121  11.690  11.675  13.096  13.638
15   4.235   3.989   4.096   4.234   3.287   3.853   3.616   3.405
16   5.265   5.084   6.030   5.241   5.415   5.032   5.327   5.607
PD x ICA: Average Amount Displacements PD
          0        1        2        3        4        5        6        7
0    52.692   52.308   50.154   52.692   53.154   53.385   52.692   49.692
1    60.077   60.077   58.462   59.769   59.923   59.923   59.923   59.462
2    62.308   63.462   63.231   63.154   62.538   61.692   62.846   62.923
3    62.462   61.615   62.000   62.231   62.154   62.154   62.154   61.615
4    62.538   61.615   59.000   61.154   61.923   60.923   60.154   59.231
5    59.462   59.538   59.462   60.692   59.308   58.769   59.846   58.846
6    56.923   55.769   58.077   56.615   56.308   56.692   57.538   56.308
7    62.154   62.615   62.462   62.385   62.462   62.462   62.154   62.385
8    37.154   36.000   36.077   37.077   33.462   35.615   33.231   35.462
9    37.923   38.308   36.462   39.308   37.923   37.769   37.000   36.308
10   41.077   38.692   40.231   40.231   39.692   39.154   38.692   39.462
11   41.077   38.692   40.231   40.231   39.692   39.154   38.692   39.462
12  112.000  113.077  113.462  111.462  111.769  110.462  112.077  112.462
13   59.615   60.000   59.538   59.077   60.231   60.308   59.308   60.231
14   54.923   54.769   56.308   55.231   54.846   55.308   55.308   54.846
15   55.538   54.231   55.538   53.154   54.154   53.769   54.462   54.154
16   58.538   56.923   57.000   57.846   56.769   56.923   57.154   56.769
§§§TEST§§§ Evaluation for all recordings took in total: §§§
5.913914680480957  (segmentation time in sec)
712.2687158584595  (evaluation time in sec)
Single PD: Average Computation Times in Seconds PD (with std)
        0      1
0   0.004  0.006
1   0.008  0.008
2   0.008  0.007
3   0.005  0.002
4   0.048  0.009
5   0.037  0.007
6   0.020  0.005
7   0.018  0.005
8   0.152  0.021
9   0.156  0.021
10  0.004  0.006
11  0.007  0.007
12  0.421  0.036
13  0.357  0.022
14  0.055  0.009
15  0.025  0.007
16  0.699  0.026
Single PD: Average JF-Scores PD (with std)
         0       1
0   87.545  20.590
1   69.264  24.011
2    4.466   4.171
3   20.801  16.361
4   12.741  15.530
5   49.785  26.076
6   38.426   9.528
7   16.978  12.692
8   17.037   9.082
9   14.778   9.781
10  92.917   7.549
11  92.917   7.549
12  20.417  13.781
13   9.771  11.760
14  88.637  10.219
15  36.726   9.820
16  40.592  13.649
Single PD: Average True Positives Amount PD (with std)
         0      1
0    8.577  3.402
1    3.673  3.245
2    1.596  1.451
3    2.413  1.529
4    1.837  1.272
5    5.077  2.514
6    8.337  3.124
7    1.865  1.803
8    4.125  2.294
9    3.356  2.223
10  24.346  4.733
11  24.346  4.733
12   3.163  2.682
13   4.365  3.019
14   7.885  3.123
15  10.779  2.553
16   6.115  2.916
Single PD: Average False Negatives Amount PD (with std)
         0      1
0    3.173  8.608
1    0.471  1.358
2    0.096  0.976
3    0.154  0.361
4    2.346  9.045
5    0.125  0.474
6    0.885  2.086
7    0.058  0.233
8   21.058  9.603
9   19.558  8.786
10   0.077  0.300
11   0.077  0.300
12  13.817  4.303
13   0.231  0.421
14   0.231  0.465
15   0.000  0.000
16   0.798  1.333
Single PD: Average False Positives Amount PD (with std)
          0       1
0     0.413   0.804
1     2.067   1.361
2    68.971  12.274
3    26.125  18.367
4    42.673  26.758
5    13.913  13.360
6    24.673   4.340
7    16.212   5.128
8    20.548  21.389
9    22.625  21.899
10    3.394   3.446
11    3.394   3.446
12    7.962   4.151
13  133.096  56.064
14    1.692   2.053
15   38.298  10.280
16   16.077   4.106
Single PD: Average Displacements in Samples PD (with std)
         0       1
0    2.472   6.642
1    2.006   5.327
2   16.050  13.159
3   12.532   9.832
4   18.038  18.145
5    9.672  12.255
6    8.157  17.007
7   12.443  21.135
8   12.842  36.433
9   15.283  59.903
10   3.440   9.745
11   3.440   9.745
12  19.235  16.062
13  10.486   8.537
14  13.381  26.435
15   3.840   9.137
16   5.374  10.154
Single PD: Average Amount Displacements PD (with std)
          0       1
0    52.096   9.191
1    59.702   5.729
2    62.769   4.340
3    62.048   4.789
4    60.817  10.933
5    59.490   4.562
6    56.779   4.519
7    62.385   4.746
8    35.510   9.959
9    37.625  10.039
10   39.654   5.812
11   39.654   5.812
12  112.096   8.765
13   59.788   5.477
14   55.192   5.027
15   54.375   4.711
16   57.240   4.890

	print("RESULTS REPORT FOR")
   	 print("Proband_01")
   	 print("ICA_iterations: ", 4)
   	 print("PC_considered: ", 7)
   	 print("Time_started: " + "17:40")
   	 print("Date: " + "27.06.2024")  
   
	