§§§TEST§§§ ICA Computation for all recordings took in total: §§§
248.44160962104797  (evaluation time in sec)
§§§TEST§§§ PEAK DETECT Computation for all recordings took in total: §§§
543.5777549743652  (evaluation time in sec)
Average MNE Raw Object creation times in sec (together with std)
       0      1
0  0.002  0.001
1  0.002  0.001
2  0.002  0.001
3  0.002  0.001
4  0.002  0.001
5  0.002  0.001
6  0.002  0.001
7  0.002  0.001
Average MNE filtering times in sec (together with std)
       0      1
0  0.022  0.005
1  0.022  0.005
2  0.022  0.005
3  0.022  0.005
4  0.022  0.005
5  0.022  0.005
6  0.022  0.005
7  0.022  0.005
Average ICA fitting times in sec (together with std)
       0      1
0  0.028  0.011
1  0.025  0.005
2  0.028  0.005
3  0.026  0.005
4  0.033  0.003
5  0.318  0.144
6  0.023  0.010
7  0.830  0.031
Average amount of actual ICA iterations performed (together with std)
     0    1
0  1.0  0.0
1  1.0  0.0
2  1.0  0.0
3  1.0  0.0
4  1.0  0.0
5  1.0  0.0
6  1.0  0.0
7  1.0  0.0
Average amount of seconds per iteration needed (together with std)
       0      1
0  0.028  0.011
1  0.025  0.005
2  0.028  0.005
3  0.026  0.005
4  0.033  0.003
5  0.318  0.144
6  0.023  0.010
7  0.830  0.031
Average ICA pTp-SNRs (together with std)
       0      1
0 -2.816  0.681
1 -2.600  0.541
2 -2.726  0.570
3 -2.600  0.541
4 -2.305  0.623
5 -2.381  0.600
6 -2.539  0.581
7 -2.578  0.443
Average ICA rssq-SNRs (together with std)
       0      1
0 -6.836  0.509
1 -6.714  0.403
2 -6.783  0.479
3 -6.714  0.403
4 -6.581  0.613
5 -6.668  0.568
6 -6.646  0.477
7 -6.801  0.353
Average pTp-SNRs of reference chest-ECG(together with std)
       0      1
0  7.222  0.419
1  7.222  0.419
2  7.222  0.419
3  7.222  0.419
4  7.222  0.419
5  7.222  0.419
6  7.222  0.419
7  7.222  0.419
Average rssq-SNRs of reference chest-ECG (together with std)
       0      1
0  4.009  0.292
1  4.009  0.292
2  4.009  0.292
3  4.009  0.292
4  4.009  0.292
5  4.009  0.292
6  4.009  0.292
7  4.009  0.292
Average ICA Corrs with Ref ECG (together with std)
       0      1
0  0.176  0.044
1  0.191  0.047
2  0.198  0.049
3  0.191  0.047
4  0.197  0.044
5  0.192  0.042
6  0.185  0.041
7  0.188  0.034
Average distance of ICA Corr with Ref ECG to rest of correlation values (together with std)
       0      1
0  0.043  0.036
1  0.057  0.045
2  0.065  0.045
3  0.057  0.045
4  0.055  0.042
5  0.040  0.027
6  0.052  0.031
7  0.040  0.021
Average proportion of variance (in the original input data) explained by the ECG-related IC (together with std)
       0      1
0  0.061  0.102
1  0.041  0.084
2  0.036  0.029
3  0.041  0.084
4  0.013  0.015
5  0.013  0.013
6  0.042  0.086
7  0.038  0.038
PD x ICA: Average PD Computation Times in Seconds
        0      1      2      3      4      5      6      7
0   0.002  0.003  0.003  0.003  0.001  0.005  0.001  0.001
1   0.008  0.006  0.008  0.009  0.011  0.004  0.011  0.007
2   0.010  0.010  0.010  0.010  0.008  0.011  0.006  0.010
3   0.005  0.005  0.005  0.006  0.005  0.004  0.005  0.007
4   0.046  0.053  0.051  0.049  0.053  0.052  0.050  0.048
5   0.045  0.044  0.048  0.050  0.046  0.047  0.048  0.049
6   0.026  0.022  0.021  0.022  0.022  0.025  0.025  0.023
7   0.021  0.022  0.021  0.018  0.022  0.018  0.019  0.018
8   0.135  0.134  0.131  0.134  0.133  0.127  0.139  0.127
9   0.134  0.146  0.143  0.142  0.140  0.140  0.142  0.145
10  0.006  0.002  0.003  0.006  0.003  0.005  0.006  0.004
11  0.014  0.012  0.009  0.011  0.010  0.009  0.011  0.011
12  0.464  0.474  0.487  0.477  0.466  0.461  0.468  0.468
13  0.390  0.390  0.395  0.385  0.394  0.392  0.388  0.385
14  0.061  0.064  0.067  0.064  0.066  0.063  0.063  0.063
15  0.022  0.023  0.026  0.023  0.022  0.022  0.022  0.019
16  0.772  0.773  0.823  0.798  0.754  0.759  0.745  0.757
PD x ICA: Average COMBINED Computation Times in Seconds
        0      1      2      3      4      5      6      7
0   0.030  0.028  0.031  0.029  0.035  0.323  0.024  0.832
1   0.035  0.030  0.035  0.035  0.044  0.322  0.034  0.837
2   0.038  0.035  0.037  0.036  0.041  0.329  0.029  0.841
3   0.033  0.029  0.033  0.032  0.038  0.322  0.028  0.837
4   0.074  0.077  0.078  0.076  0.086  0.370  0.072  0.879
5   0.072  0.069  0.076  0.077  0.079  0.365  0.070  0.879
6   0.054  0.047  0.049  0.049  0.055  0.343  0.048  0.853
7   0.049  0.047  0.048  0.044  0.055  0.336  0.041  0.848
8   0.163  0.159  0.159  0.161  0.166  0.445  0.162  0.957
9   0.162  0.170  0.170  0.169  0.174  0.458  0.164  0.976
10  0.033  0.027  0.031  0.032  0.037  0.323  0.028  0.834
11  0.042  0.037  0.037  0.038  0.043  0.327  0.033  0.841
12  0.492  0.499  0.514  0.503  0.499  0.779  0.491  1.298
13  0.418  0.414  0.423  0.412  0.427  0.710  0.411  1.215
14  0.089  0.089  0.095  0.090  0.099  0.381  0.085  0.893
15  0.049  0.048  0.054  0.049  0.055  0.340  0.045  0.849
16  0.800  0.797  0.851  0.824  0.788  1.077  0.768  1.588
PD x ICA: Average JF-Scores PD
         0       1      2       3       4       5       6       7
0    0.490   0.000  0.216   0.000   1.131   0.562   0.000   0.000
1    2.723   3.921  4.307   3.921   4.502   4.080   2.529   1.574
2    1.378   0.583  1.346   0.583   2.574   1.074   0.773   1.439
3    1.160   1.537  1.994   1.537   1.561   1.626   1.966   3.256
4    2.336   2.634  2.713   2.634   3.133   2.357   1.773   2.452
5    2.375   3.673  3.957   3.673   3.747   2.549   2.115   3.790
6    8.288   8.420  7.707   8.420  10.165  10.230   7.450   7.481
7   10.856  11.792  9.117  11.792   9.509  11.209  10.566  12.270
8    3.828   3.951  3.342   3.951   3.389   4.005   4.656   3.799
9    2.949   4.163  4.347   4.163   2.821   3.961   4.954   3.811
10   2.586   2.584  2.071   2.584   3.328   3.968   2.565   4.745
11   2.586   2.584  2.071   2.584   3.328   3.968   2.565   4.745
12   8.244   9.634  4.472   9.634  10.966   7.632   6.520  11.093
13   1.821   2.022  1.551   2.022   1.468   1.800   1.788   2.237
14  11.003  11.572  7.242  11.572  12.995  14.793  13.068   7.800
15   3.262   3.471  3.411   3.471   3.322   3.219   2.557   2.172
16   2.368   2.444  3.380   2.444   2.310   2.466   3.763   2.872
PD x ICA: Average True Positives Amount PD
        0      1      2      3      4      5      6      7
0   0.143  0.000  0.071  0.000  0.286  0.143  0.000  0.000
1   0.643  0.929  1.000  0.929  1.071  0.929  0.571  0.357
2   0.643  0.286  0.643  0.286  1.214  0.500  0.357  0.714
3   0.500  0.643  0.857  0.643  0.643  0.714  0.857  1.429
4   1.000  1.071  1.143  1.071  1.357  1.000  0.714  1.071
5   0.857  1.357  1.500  1.357  1.429  1.000  0.786  1.429
6   1.500  1.500  1.357  1.500  1.786  1.857  1.214  1.214
7   2.143  2.357  1.714  2.357  1.714  2.143  2.000  2.357
8   1.143  1.143  1.000  1.143  1.000  1.214  1.357  1.143
9   0.929  1.357  1.429  1.357  0.857  1.214  1.571  1.214
10  0.786  0.786  0.643  0.786  1.000  1.214  0.786  1.429
11  0.786  0.786  0.643  0.786  1.000  1.214  0.786  1.429
12  1.429  1.714  0.786  1.714  1.929  1.357  1.143  1.786
13  1.500  1.643  1.214  1.643  1.143  1.357  1.357  1.786
14  1.571  1.429  0.786  1.429  1.643  1.857  1.500  1.000
15  1.357  1.500  1.429  1.500  1.429  1.357  1.071  0.929
16  0.357  0.357  0.500  0.357  0.429  0.357  0.500  0.500
PD x ICA: Average False Negatives Amount PD
         0       1       2       3       4       5       6       7
0   56.071  56.071  56.000  56.071  54.143  55.214  56.071  57.214
1   40.071  42.286  40.214  42.286  37.929  38.929  41.286  41.571
2    0.000   0.000   0.000   0.000   0.000   0.071   0.000   0.000
3    0.071   0.000   0.000   0.000   0.143   0.071   0.071   0.000
4    0.429   0.500   0.429   0.500   0.786   0.714   0.286   0.500
5    0.500   0.357   0.286   0.357   0.071   0.143   0.286   0.214
6    3.429   3.571   3.000   3.571   3.214   3.500   3.429   2.929
7    1.643   1.786   1.929   1.786   1.429   1.500   1.857   1.857
8   11.571  12.786  12.500  12.786  13.857  13.429  13.071  14.714
9   11.786  12.857  11.643  12.857  13.000  11.571  13.071  12.357
10   0.786   0.929   1.143   0.929   1.429   0.786   0.714   1.071
11   0.786   0.929   1.143   0.929   1.429   0.786   0.714   1.071
12  16.071  14.786  15.286  14.786  15.429  15.143  13.857  15.429
13   0.929   0.857   0.786   0.857   0.714   0.500   1.214   0.643
14   7.857   6.571   7.429   6.571   7.571   7.643   5.929   7.357
15   0.071   0.143   0.071   0.143   0.071   0.071   0.143   0.071
16  11.214  12.429  11.786  12.429  11.071  12.214  12.429  13.714
PD x ICA: Average False Positives Amount PD
          0        1        2        3        4        5        6        7
0     0.571    0.714    0.571    0.714    0.429    0.429    0.714    0.286
1     2.571    2.571    2.214    2.571    3.071    2.571    2.000    2.429
2    89.786   90.643   90.500   90.643   89.714   91.214   90.143   91.286
3    79.571   82.429   81.786   82.429   82.714   82.929   83.214   83.143
4    80.357   80.214   81.643   80.214   80.000   81.500   80.857   81.429
5    68.214   71.643   71.929   71.643   71.643   73.643   72.143   71.357
6    27.643   28.500   28.786   28.500   26.286   27.143   26.071   27.429
7    30.929   31.429   31.000   31.429   30.000   31.429   31.357   30.571
8    45.214   42.643   41.643   42.643   41.786   42.857   42.643   42.429
9    47.000   46.786   46.857   46.786   43.429   46.357   45.357   42.357
10   55.643   56.571   57.000   56.571   54.000   56.429   57.214   54.929
11   55.643   56.571   57.000   56.571   54.000   56.429   57.214   54.929
12   15.286   16.429   16.500   16.429   15.500   16.714   16.429   15.000
13  155.214  155.929  159.714  155.929  154.714  150.643  153.643  161.929
14   15.143   13.071   12.929   13.071   13.429   13.714   13.357   14.714
15   78.857   80.429   80.214   80.429   77.786   79.214   80.714   79.857
16   16.000   15.500   15.143   15.500   15.286   14.000   14.571   15.714
PD x ICA: Average Displacements in Samples PD
         0       1       2       3       4       5       6       7
0   51.000  49.549  53.646  49.549  55.599  55.109  52.646  52.243
1   44.243  44.872  43.118  44.872  39.650  38.463  42.372  42.776
2   24.014  24.431  24.190  24.431  24.228  24.533  23.364  24.751
3   25.140  24.323  23.925  24.323  24.225  25.436  24.188  23.772
4   24.926  24.654  25.268  24.654  25.369  25.490  24.683  24.953
5   28.121  27.114  25.397  27.114  26.151  26.177  26.405  26.840
6   37.577  37.562  36.674  37.562  36.828  36.525  37.788  37.728
7   36.355  34.876  33.736  34.876  35.435  34.408  33.520  35.015
8   36.997  37.004  38.547  37.004  36.613  35.373  36.557  35.515
9   36.391  34.853  37.405  34.853  36.222  36.955  36.332  36.419
10  30.197  29.425  28.919  29.425  30.062  29.435  28.852  30.556
11  30.197  29.425  28.919  29.425  30.062  29.435  28.852  30.556
12  24.096  23.948  24.050  23.948  24.066  24.781  23.833  23.689
13  17.098  16.815  15.887  16.815  16.179  16.097  16.656  15.777
14  45.215  44.212  45.068  44.212  46.050  46.280  43.977  44.530
15  29.455  28.684  28.903  28.684  28.584  28.053  28.107  29.181
16  40.570  40.595  41.545  40.595  40.737  40.954  38.869  40.573
PD x ICA: Average Amount Displacements PD
          0        1        2        3        4        5        6        7
0    11.571   11.714   11.714   11.714   13.357   12.429   11.714   10.571
1    27.071   24.571   26.571   24.571   28.786   27.929   25.929   25.857
2    67.429   67.786   67.429   67.786   66.857   67.500   67.714   67.357
3    67.643   67.571   67.357   67.571   67.429   67.429   67.286   66.786
4    71.214   71.071   71.071   71.071   70.500   70.929   71.643   71.071
5    67.143   66.786   66.714   66.786   67.000   67.357   67.429   66.857
6    63.143   63.000   63.714   63.000   63.071   62.714   63.429   63.929
7    64.214   63.857   64.357   63.857   64.857   64.357   64.143   63.786
8    54.429   53.214   53.643   53.214   52.286   52.500   52.714   51.286
9    54.500   53.000   54.143   53.000   53.357   54.429   52.571   53.643
10   66.214   66.071   66.000   66.071   65.357   65.786   66.286   65.286
11   66.214   66.071   66.000   66.071   65.357   65.786   66.286   65.286
12  119.500  120.500  120.929  120.500  119.643  120.500  122.000  119.786
13   65.714   65.643   66.143   65.643   66.286   66.286   65.571   65.714
14   57.929   59.357   59.143   59.357   58.143   57.857   59.929   59.000
15   67.714   67.500   67.643   67.500   67.643   67.714   67.929   68.143
16   58.643   57.429   57.929   57.429   58.714   57.643   57.286   56.000
§§§TEST§§§ Evaluation for all recordings took in total: §§§
7.040478467941284  (segmentation time in sec)
792.2893874645233  (evaluation time in sec)
Single PD: Average Computation Times in Seconds PD (with std)
        0      1
0   0.003  0.005
1   0.008  0.008
2   0.009  0.006
3   0.005  0.003
4   0.050  0.010
5   0.047  0.009
6   0.023  0.005
7   0.020  0.008
8   0.133  0.016
9   0.141  0.016
10  0.004  0.007
11  0.011  0.006
12  0.471  0.046
13  0.390  0.027
14  0.064  0.008
15  0.022  0.007
16  0.773  0.068
Single PD: Average JF-Scores PD (with std)
         0      1
0    0.300  1.283
1    3.445  4.405
2    1.219  1.548
3    1.829  2.342
4    2.504  2.116
5    3.235  2.620
6    8.520  6.491
7   10.889  6.761
8    3.865  3.494
9    3.896  3.363
10   3.054  2.964
11   3.054  2.964
12   8.524  7.169
13   1.839  1.635
14  11.255  8.833
15   3.111  2.249
16   2.756  4.469
Single PD: Average True Positives Amount PD (with std)
        0      1
0   0.080  0.331
1   0.804  1.051
2   0.580  0.752
3   0.786  1.030
4   1.054  0.905
5   1.214  0.995
6   1.491  1.203
7   2.098  1.408
8   1.143  1.059
9   1.241  1.159
10  0.929  0.904
11  0.929  0.904
12  1.482  1.275
13  1.455  1.295
14  1.402  1.191
15  1.321  0.993
16  0.420  0.715
Single PD: Average False Negatives Amount PD (with std)
         0      1
0   55.857  3.819
1   40.571  5.663
2    0.009  0.094
3    0.045  0.207
4    0.518  0.886
5    0.277  0.586
6    3.330  1.589
7    1.723  1.159
8   13.089  3.729
9   12.393  3.569
10   0.973  1.326
11   0.973  1.326
12  15.098  4.486
13   0.812  1.340
14   7.116  2.957
15   0.098  0.298
16  12.161  3.771
Single PD: Average False Positives Amount PD (with std)
          0       1
0     0.554   0.730
1     2.500   1.408
2    90.491   5.345
3    82.277   6.021
4    80.777   8.489
5    71.527   6.687
6    27.545   4.278
7    31.018   3.383
8    42.732   6.651
9    45.616   7.587
10   56.045   4.819
11   56.045   4.819
12   16.036   3.094
13  155.964  22.210
14   13.679   2.667
15   79.688   5.687
16   15.214   4.634
Single PD: Average Displacements in Samples PD (with std)
         0       1
0   52.497  31.959
1   42.449  34.361
2   24.242  15.821
3   24.418  17.030
4   24.999  16.730
5   26.665  19.762
6   37.281  27.145
7   34.778  26.216
8   36.712  31.111
9   36.186  30.707
10  29.607  22.084
11  29.607  22.084
12  24.051  14.832
13  16.414  13.420
14  44.934  30.307
15  28.706  20.459
16  40.557  29.480
Single PD: Average Amount Displacements PD (with std)
          0      1
0    11.848  3.392
1    26.411  5.170
2    67.482  1.433
3    67.384  1.833
4    71.071  6.520
5    67.009  1.430
6    63.250  2.059
7    64.179  1.799
8    52.911  3.534
9    53.580  3.602
10   65.884  2.150
11   65.884  2.150
12  120.420  4.864
13   65.875  1.900
14   58.839  2.984
15   67.723  2.005
16   57.634  2.991
RESULTS REPORT FOR
Proband_02
ICA_iterations:  1
PC_considered:  7
Time_started: 19:09
Date: 27.06.2024
NOTES: