§§§TEST§§§ ICA Computation for all recordings took in total: §§§
464.4339940547943  (evaluation time in sec)
§§§TEST§§§ PEAK DETECT Computation for all recordings took in total: §§§
619.3139922618866  (evaluation time in sec)
Average MNE Raw Object creation times in sec (together with std)
       0      1
0  0.003  0.001
1  0.003  0.001
2  0.003  0.001
3  0.003  0.001
4  0.003  0.001
5  0.003  0.001
6  0.003  0.001
7  0.003  0.001
Average MNE filtering times in sec (together with std)
       0      1
0  0.025  0.003
1  0.025  0.003
2  0.025  0.003
3  0.025  0.003
4  0.025  0.003
5  0.025  0.003
6  0.025  0.003
7  0.025  0.003
Average ICA fitting times in sec (together with std)
       0      1
0  0.259  0.061
1  0.275  0.119
2  0.402  0.155
3  0.293  0.149
4  3.059  0.324
5  3.909  1.086
6  0.128  0.121
7  6.715  3.117
Average amount of actual ICA iterations performed (together with std)
         0        1
0   26.429    4.671
1   28.786    7.193
2   33.786    8.419
3   28.857    7.130
4  500.000    0.000
5  470.929  104.819
6   28.214   31.428
7   19.286   22.343
Average amount of seconds per iteration needed (together with std)
       0      1
0  0.010  0.001
1  0.009  0.003
2  0.012  0.002
3  0.010  0.003
4  0.006  0.001
5  0.011  0.011
6  0.005  0.001
7  0.471  0.133
Average ICA pTp-SNRs (together with std)
       0      1
0 -2.383  0.779
1 -2.326  0.724
2 -2.311  0.707
3 -2.281  0.716
4 -2.336  0.697
5 -2.248  0.648
6 -2.287  0.705
7 -2.342  0.796
Average ICA rssq-SNRs (together with std)
       0      1
0 -6.589  0.752
1 -6.582  0.741
2 -6.539  0.693
3 -6.556  0.740
4 -6.594  0.709
5 -6.565  0.602
6 -6.551  0.694
7 -6.512  0.823
Average pTp-SNRs of reference chest-ECG(together with std)
       0      1
0  7.222  0.419
1  7.222  0.419
2  7.222  0.419
3  7.222  0.419
4  7.222  0.419
5  7.222  0.419
6  7.222  0.419
7  7.222  0.419
Average rssq-SNRs of reference chest-ECG (together with std)
       0      1
0  4.009  0.292
1  4.009  0.292
2  4.009  0.292
3  4.009  0.292
4  4.009  0.292
5  4.009  0.292
6  4.009  0.292
7  4.009  0.292
Average ICA Corrs with Ref ECG (together with std)
       0      1
0  0.214  0.037
1  0.210  0.037
2  0.209  0.035
3  0.210  0.038
4  0.209  0.038
5  0.205  0.041
6  0.209  0.035
7  0.197  0.039
Average distance of ICA Corr with Ref ECG to rest of correlation values (together with std)
       0      1
0  0.084  0.055
1  0.079  0.055
2  0.075  0.055
3  0.078  0.055
4  0.080  0.058
5  0.074  0.053
6  0.073  0.056
7  0.060  0.051
Average proportion of variance (in the original input data) explained by the ECG-related IC (together with std)
       0      1
0  0.025  0.028
1  0.030  0.037
2  0.023  0.030
3  0.030  0.037
4  0.030  0.037
5  0.030  0.040
6  0.022  0.031
7  0.034  0.054
PD x ICA: Average PD Computation Times in Seconds
        0      1      2      3      4      5      6      7
0   0.003  0.003  0.003  0.002  0.003  0.002  0.003  0.003
1   0.007  0.008  0.008  0.007  0.007  0.006  0.008  0.006
2   0.007  0.007  0.008  0.007  0.006  0.006  0.008  0.012
3   0.008  0.007  0.009  0.007  0.007  0.007  0.008  0.009
4   0.081  0.074  0.093  0.073  0.069  0.069  0.080  0.070
5   0.055  0.063  0.064  0.057  0.054  0.056  0.062  0.054
6   0.023  0.026  0.029  0.022  0.021  0.021  0.024  0.024
7   0.024  0.026  0.029  0.029  0.023  0.024  0.026  0.026
8   0.161  0.186  0.167  0.162  0.155  0.154  0.173  0.164
9   0.151  0.182  0.166  0.157  0.161  0.158  0.156  0.153
10  0.005  0.006  0.005  0.005  0.005  0.005  0.005  0.005
11  0.006  0.007  0.006  0.005  0.005  0.006  0.007  0.005
12  0.532  0.595  0.540  0.509  0.527  0.506  0.561  0.499
13  0.420  0.450  0.467  0.435  0.421  0.426  0.445  0.411
14  0.060  0.068  0.074  0.065  0.065  0.059  0.064  0.064
15  0.032  0.031  0.032  0.031  0.028  0.027  0.030  0.028
16  0.827  0.877  0.896  0.827  0.824  0.820  0.814  0.829
PD x ICA: Average COMBINED Computation Times in Seconds
        0      1      2      3      4      5      6      7
0   0.262  0.277  0.405  0.296  3.061  3.911  0.131  6.718
1   0.266  0.283  0.410  0.300  3.066  3.915  0.136  6.722
2   0.266  0.282  0.410  0.301  3.065  3.915  0.136  6.727
3   0.267  0.282  0.411  0.300  3.066  3.915  0.136  6.724
4   0.340  0.349  0.495  0.366  3.128  3.978  0.208  6.785
5   0.315  0.338  0.466  0.350  3.113  3.965  0.190  6.769
6   0.282  0.300  0.431  0.315  3.080  3.930  0.153  6.739
7   0.284  0.300  0.431  0.323  3.082  3.933  0.154  6.741
8   0.420  0.461  0.569  0.456  3.214  4.063  0.301  6.879
9   0.410  0.456  0.568  0.451  3.219  4.066  0.284  6.868
10  0.265  0.281  0.407  0.298  3.064  3.913  0.133  6.720
11  0.265  0.282  0.408  0.299  3.064  3.914  0.135  6.720
12  0.791  0.870  0.942  0.802  3.586  4.415  0.689  7.214
13  0.679  0.725  0.869  0.729  3.480  4.335  0.573  7.126
14  0.319  0.343  0.476  0.358  3.124  3.967  0.192  6.779
15  0.291  0.305  0.434  0.325  3.087  3.936  0.158  6.743
16  1.086  1.151  1.298  1.120  3.883  4.728  0.943  7.544
PD x ICA: Average JF-Scores PD
        0      1       2      3       4       5       6      7
0   0.000  0.243   0.000  0.243   0.000   0.344   0.270  0.269
1   3.451  3.585   3.516  4.458   3.218   5.291   4.927  3.299
2   2.362  1.802   1.478  1.948   1.372   2.109   2.068  1.960
3   1.832  1.692   1.741  1.539   2.892   2.012   1.683  1.671
4   1.917  1.247   0.670  1.039   1.349   2.458   1.231  1.424
5   2.822  4.016   3.685  3.616   3.685   4.252   3.042  2.803
6   8.390  8.439   8.347  8.300   8.521   8.689   8.453  8.774
7   6.360  7.460   6.333  8.021   6.174   9.798   6.259  6.376
8   4.193  3.546   4.250  3.856   3.791   3.948   4.922  2.092
9   2.547  2.272   2.553  2.779   2.187   4.234   3.516  2.569
10  4.082  4.107   3.064  3.425   3.747   2.715   3.378  4.854
11  4.082  4.107   3.064  3.425   3.747   2.715   3.378  4.854
12  4.562  8.934   8.129  8.900  10.254   8.203   6.103  6.351
13  1.533  1.842   1.429  1.866   1.800   1.659   1.639  2.193
14  8.577  8.956  11.179  9.696  10.228  11.615  11.313  7.960
15  3.267  4.123   4.495  3.595   3.979   4.493   3.139  3.935
16  3.417  2.384   2.469  2.270   3.688   3.291   3.140  3.291
PD x ICA: Average True Positives Amount PD
        0      1      2      3      4      5      6      7
0   0.000  0.071  0.000  0.071  0.000  0.071  0.071  0.071
1   0.714  0.714  0.714  0.929  0.643  1.143  1.071  0.643
2   1.143  0.857  0.714  0.929  0.643  1.000  1.000  0.929
3   0.786  0.714  0.714  0.643  1.214  0.857  0.714  0.714
4   0.786  0.500  0.286  0.429  0.571  1.071  0.500  0.571
5   1.000  1.429  1.286  1.286  1.286  1.571  1.071  1.000
6   1.357  1.429  1.357  1.429  1.429  1.500  1.429  1.429
7   1.143  1.286  1.214  1.357  1.071  1.857  1.214  1.143
8   1.357  1.071  1.286  1.214  1.143  1.286  1.500  0.643
9   0.786  0.714  0.786  0.857  0.714  1.357  1.071  0.857
10  1.214  1.214  0.929  1.000  1.143  0.857  1.000  1.500
11  1.214  1.214  0.929  1.000  1.143  0.857  1.000  1.500
12  0.857  1.643  1.429  1.571  2.000  1.500  0.929  1.214
13  1.214  1.429  1.143  1.429  1.429  1.286  1.214  1.786
14  1.000  1.071  1.286  1.143  1.143  1.357  1.286  0.857
15  1.357  1.714  1.857  1.500  1.643  1.929  1.286  1.643
16  0.500  0.357  0.429  0.357  0.571  0.429  0.500  0.500
PD x ICA: Average False Negatives Amount PD
         0       1       2       3       4       5       6       7
0   55.071  55.071  55.143  55.071  54.857  53.714  54.714  54.714
1   36.429  35.286  36.000  36.000  35.786  37.143  38.214  35.786
2    0.143   0.143   0.143   0.143   0.143   0.071   0.143   0.286
3    0.214   0.357   0.286   0.357   0.357   0.286   0.286   0.143
4    0.571   0.429   0.500   0.286   0.357   0.286   0.357   0.500
5    0.214   0.429   0.500   0.429   0.357   0.214   0.429   0.786
6    2.929   3.500   3.286   3.500   3.500   2.500   3.286   3.214
7    1.714   1.357   1.643   1.357   1.286   1.214   1.857   1.500
8   12.286  13.429  13.857  13.571  14.643  12.929  13.214  12.643
9   12.357  12.214  12.429  12.429  12.571  11.714  12.857  12.286
10   1.214   0.929   1.000   0.929   1.143   0.500   0.857   1.500
11   1.214   0.929   1.000   0.929   1.143   0.500   0.857   1.500
12  15.214  16.286  15.143  15.786  15.571  15.214  14.000  17.071
13   0.429   0.429   0.571   0.500   0.429   0.286   0.643   0.571
14   6.071   6.286   6.000   6.071   6.286   6.143   5.643   6.571
15   0.214   0.286   0.214   0.286   0.214   0.143   0.286   0.143
16  11.929  11.643  11.857  12.286  10.500  12.143  12.429  11.143
PD x ICA: Average False Positives Amount PD
          0        1        2        3        4        5        6        7
0     0.571    0.714    0.786    0.714    0.786    0.429    0.857    0.571
1     2.643    2.786    2.500    2.571    2.857    2.714    2.500    3.214
2    91.214   90.786   91.643   91.000   91.071   89.786   90.929   88.500
3    82.500   81.286   80.786   81.643   80.357   82.714   81.571   80.429
4    78.857   79.286   79.286   80.286   79.500   82.214   79.857   78.857
5    69.357   68.429   68.071   68.571   68.143   69.786   68.500   68.214
6    25.429   26.214   25.643   26.857   25.857   26.929   27.357   24.429
7    29.500   29.500   29.429   29.357   29.214   30.500   29.500   29.500
8    45.786   42.714   44.143   43.929   42.429   46.857   43.857   44.429
9    46.000   45.786   44.429   45.214   45.571   47.357   43.714   48.929
10   54.214   54.857   55.429   55.357   54.786   55.571   55.429   55.000
11   54.214   54.857   55.429   55.357   54.786   55.571   55.429   55.000
12   15.857   16.571   16.000   16.714   16.214   16.857   15.857   15.143
13  168.286  160.857  163.429  157.714  162.286  155.286  159.071  161.071
14   12.857   12.571   12.214   12.857   12.429   12.357   12.500   12.500
15   78.143   78.214   77.357   78.643   78.000   79.857   78.571   75.929
16   16.071   14.857   15.143   14.429   18.000   14.071   15.643   16.929
PD x ICA: Average Displacements in Samples PD
         0       1       2       3       4       5       6       7
0   48.225  47.079  47.480  47.475  47.856  51.066  48.225  47.846
1   37.466  37.182  38.623  37.076  37.200  38.475  39.652  38.137
2   24.334  24.214  24.085  24.200  24.488  23.993  24.070  24.300
3   24.421  24.496  24.404  24.326  24.422  24.231  24.729  24.169
4   25.637  24.851  25.176  24.613  24.639  24.198  25.531  24.517
5   26.559  26.005  26.231  26.357  26.291  26.591  27.189  24.771
6   35.797  34.776  33.795  34.527  34.092  35.909  35.207  35.676
7   33.604  33.109  33.408  33.369  33.972  34.685  34.306  33.462
8   35.677  36.195  36.788  35.866  36.467  35.020  36.865  35.272
9   34.712  35.371  35.991  35.409  35.478  34.478  36.815  33.403
10  29.322  29.404  29.377  29.158  29.978  29.418  29.620  28.619
11  29.322  29.404  29.377  29.158  29.978  29.418  29.620  28.619
12  23.921  24.049  23.701  24.021  24.084  24.011  24.181  23.332
13  15.351  16.128  15.512  16.497  16.127  16.417  16.518  15.418
14  44.194  44.702  44.253  44.462  44.791  43.773  43.994  43.684
15  27.264  27.011  27.236  26.875  27.168  26.994  27.272  28.134
16  38.026  37.926  38.535  38.256  37.953  39.560  38.600  37.338
PD x ICA: Average Amount Displacements PD
          0        1        2        3        4        5        6        7
0    12.714   12.643   12.643   12.643   12.929   14.000   13.000   13.000
1    30.643   31.786   31.071   30.857   31.357   29.500   28.500   31.357
2    66.786   67.071   67.214   67.000   67.286   67.000   66.929   66.857
3    67.214   67.143   67.214   67.214   66.643   67.071   67.214   67.357
4    71.286   71.714   71.857   71.929   71.714   71.286   71.786   71.571
5    67.286   66.643   66.714   66.786   66.857   66.714   67.000   66.714
6    63.786   63.143   63.429   63.143   63.143   64.071   63.357   63.429
7    65.143   65.357   65.143   65.286   65.643   64.929   64.929   65.357
8    53.500   52.643   52.000   52.357   51.357   52.929   52.429   53.857
9    54.071   54.286   54.000   53.929   53.929   54.143   53.286   54.071
10   65.357   65.643   65.857   65.857   65.500   66.429   65.929   64.786
11   65.357   65.643   65.857   65.857   65.500   66.429   65.929   64.786
12  120.929  119.071  120.429  119.643  119.429  120.286  122.071  118.714
13   66.500   66.286   66.429   66.214   66.286   66.571   66.286   65.786
14   60.286   60.000   60.071   60.143   59.929   59.857   60.429   59.929
15   67.571   67.143   67.071   67.357   67.286   67.071   67.571   67.357
16   57.786   58.214   57.929   57.571   59.143   57.643   57.286   58.571
§§§TEST§§§ Evaluation for all recordings took in total: §§§
7.698591709136963  (segmentation time in sec)
1084.1612386703491  (evaluation time in sec)
Single PD: Average Computation Times in Seconds PD (with std)
        0      1
0   0.003  0.001
1   0.007  0.003
2   0.008  0.006
3   0.008  0.003
4   0.076  0.025
5   0.058  0.022
6   0.024  0.008
7   0.026  0.008
8   0.165  0.045
9   0.160  0.029
10  0.005  0.002
11  0.006  0.003
12  0.534  0.122
13  0.434  0.067
14  0.065  0.012
15  0.030  0.009
16  0.839  0.120
Single PD: Average JF-Scores PD (with std)
        0       1
0   0.171   0.799
1   3.968   4.067
2   1.887   1.871
3   1.883   1.948
4   1.417   1.899
5   3.490   2.522
6   8.489   5.305
7   7.098   5.793
8   3.825   3.205
9   2.832   2.654
10  3.671   3.764
11  3.671   3.764
12  7.679   9.013
13  1.745   1.311
14  9.940  10.126
15  3.878   2.877
16  2.994   4.008
Single PD: Average True Positives Amount PD (with std)
        0      1
0   0.045  0.207
1   0.821  0.868
2   0.902  0.896
3   0.795  0.825
4   0.589  0.786
5   1.241  0.919
6   1.420  0.941
7   1.286  1.145
8   1.188  0.996
9   0.893  0.870
10  1.107  1.152
11  1.107  1.152
12  1.393  1.790
13  1.366  0.991
14  1.143  1.308
15  1.616  1.234
16  0.455  0.611
Single PD: Average False Negatives Amount PD (with std)
         0      1
0   54.795  4.687
1   36.330  6.397
2    0.152  0.504
3    0.286  0.958
4    0.411  0.689
5    0.420  0.809
6    3.214  1.606
7    1.491  1.217
8   13.321  3.516
9   12.357  3.627
10   1.009  1.346
11   1.009  1.346
12  15.536  4.824
13   0.482  0.886
14   6.134  1.634
15   0.223  0.416
16  11.741  4.379
Single PD: Average False Positives Amount PD (with std)
          0       1
0     0.679   0.837
1     2.723   1.738
2    90.616   5.094
3    81.411   5.589
4    79.768   8.103
5    68.634   7.733
6    26.089   3.550
7    29.562   3.642
8    44.268   7.886
9    45.875   7.906
10   55.080   4.020
11   55.080   4.020
12   16.152   3.447
13  161.000  26.667
14   12.536   2.493
15   78.089   4.300
16   15.643   4.518
Single PD: Average Displacements in Samples PD (with std)
         0       1
0   48.193  33.646
1   37.954  33.529
2   24.211  16.022
3   24.400  17.044
4   24.895  16.754
5   26.250  19.930
6   34.975  27.342
7   33.739  26.623
8   36.013  33.395
9   35.204  32.273
10  29.363  22.705
11  29.363  22.705
12  23.914  15.126
13  15.996  12.445
14  44.232  30.777
15  27.244  20.506
16  38.271  28.999
Single PD: Average Amount Displacements PD (with std)
          0      1
0    12.946  4.684
1    30.634  5.825
2    67.018  1.609
3    67.134  2.102
4    71.643  6.818
5    66.839  1.698
6    63.438  2.416
7    65.223  1.731
8    52.634  3.548
9    53.964  3.246
10   65.670  2.197
11   65.670  2.197
12  120.071  6.091
13   66.295  1.412
14   60.080  2.296
15   67.304  2.065
16   58.018  4.215
RESULTS REPORT FOR
Proband_02
ICA_iterations:  auto
PC_considered:  7
Time_started: 18:48
Date: 27.06.2024
NOTES: