§§§TEST§§§ ICA Computation for all recordings took in total: §§§
857.4036021232605  (evaluation time in sec)
§§§TEST§§§ PEAK DETECT Computation for all recordings took in total: §§§
547.5046164989471  (evaluation time in sec)
Average MNE Raw Object creation times in sec (together with std)
       0      1
0  0.002  0.002
1  0.002  0.002
2  0.002  0.002
3  0.002  0.002
4  0.002  0.002
5  0.002  0.002
6  0.002  0.002
7  0.002  0.002
Average MNE filtering times in sec (together with std)
       0     1
0  0.027  0.01
1  0.027  0.01
2  0.027  0.01
3  0.027  0.01
4  0.027  0.01
5  0.027  0.01
6  0.027  0.01
7  0.027  0.01
Average ICA fitting times in sec (together with std)
        0       1
0   0.242   0.102
1   0.189   0.070
2   0.575   0.497
3   0.162   0.054
4   3.051   0.973
5   7.087   4.603
6   1.241   1.743
7  35.738  47.777
Average amount of actual ICA iterations performed (together with std)
         0        1
0   29.154    5.972
1   26.615    7.702
2   53.000   28.868
3   24.462    7.448
4  500.000    0.000
5  362.385  166.042
6  330.923  446.520
7  261.385  406.318
Average amount of seconds per iteration needed (together with std)
       0      1
0  0.008  0.002
1  0.007  0.002
2  0.010  0.003
3  0.007  0.001
4  0.006  0.002
5  0.030  0.031
6  0.004  0.001
7  0.282  0.143
Average ICA pTp-SNRs (together with std)
       0      1
0  3.636  0.579
1  3.636  0.592
2  3.648  0.597
3  3.651  0.597
4  3.645  0.585
5  3.621  0.591
6  3.655  0.590
7  3.462  1.031
Average ICA rssq-SNRs (together with std)
       0      1
0 -1.859  0.469
1 -1.860  0.484
2 -1.890  0.494
3 -1.869  0.488
4 -1.855  0.478
5 -1.883  0.490
6 -1.872  0.489
7 -2.037  0.807
Average pTp-SNRs of reference chest-ECG(together with std)
       0      1
0  7.047  0.657
1  7.047  0.657
2  7.047  0.657
3  7.047  0.657
4  7.047  0.657
5  7.047  0.657
6  7.047  0.657
7  7.047  0.657
Average rssq-SNRs of reference chest-ECG (together with std)
      0      1
0  2.11  0.516
1  2.11  0.516
2  2.11  0.516
3  2.11  0.516
4  2.11  0.516
5  2.11  0.516
6  2.11  0.516
7  2.11  0.516
Average ICA Corrs with Ref ECG (together with std)
       0      1
0  0.644  0.034
1  0.643  0.036
2  0.636  0.037
3  0.639  0.035
4  0.644  0.035
5  0.640  0.037
6  0.638  0.035
7  0.630  0.066
Average distance of ICA Corr with Ref ECG to rest of correlation values (together with std)
       0      1
0  0.538  0.047
1  0.535  0.046
2  0.518  0.054
3  0.525  0.047
4  0.530  0.049
5  0.530  0.056
6  0.519  0.051
7  0.498  0.132
Average proportion of variance (in the original input data) explained by the ECG-related IC (together with std)
       0      1
0  0.032  0.026
1  0.032  0.026
2  0.030  0.023
3  0.031  0.024
4  0.032  0.026
5  0.031  0.024
6  0.031  0.024
7  0.032  0.026
PD x ICA: Average PD Computation Times in Seconds
        0      1      2      3      4      5      6      7
0   0.005  0.004  0.004  0.004  0.004  0.004  0.005  0.004
1   0.008  0.007  0.008  0.008  0.008  0.008  0.011  0.008
2   0.006  0.007  0.006  0.007  0.006  0.007  0.008  0.008
3   0.006  0.005  0.009  0.006  0.006  0.006  0.007  0.011
4   0.065  0.067  0.070  0.064  0.074  0.068  0.072  0.078
5   0.044  0.048  0.046  0.044  0.045  0.044  0.043  0.054
6   0.020  0.020  0.022  0.021  0.021  0.021  0.022  0.024
7   0.025  0.022  0.022  0.023  0.022  0.023  0.026  0.026
8   0.191  0.193  0.199  0.203  0.192  0.180  0.187  0.202
9   0.183  0.180  0.187  0.179  0.190  0.186  0.194  0.217
10  0.004  0.004  0.004  0.004  0.005  0.004  0.005  0.004
11  0.004  0.004  0.005  0.004  0.005  0.004  0.005  0.005
12  0.479  0.471  0.498  0.479  0.511  0.480  0.495  0.518
13  0.418  0.418  0.457  0.439  0.451  0.424  0.420  0.414
14  0.059  0.060  0.063  0.053  0.070  0.061  0.060  0.064
15  0.028  0.028  0.031  0.028  0.032  0.031  0.030  0.032
16  0.834  0.836  0.835  0.812  0.845  0.906  0.844  0.853
PD x ICA: Average COMBINED Computation Times in Seconds
        0      1      2      3      4      5      6       7
0   0.247  0.193  0.579  0.167  3.055  7.091  1.246  35.743
1   0.250  0.196  0.583  0.170  3.059  7.095  1.251  35.746
2   0.248  0.195  0.581  0.169  3.057  7.094  1.248  35.746
3   0.247  0.194  0.584  0.168  3.056  7.093  1.248  35.749
4   0.307  0.256  0.645  0.226  3.125  7.155  1.312  35.817
5   0.286  0.237  0.621  0.206  3.096  7.131  1.283  35.793
6   0.262  0.209  0.597  0.183  3.071  7.108  1.263  35.762
7   0.267  0.211  0.598  0.185  3.073  7.110  1.266  35.764
8   0.433  0.382  0.775  0.365  3.243  7.267  1.428  35.940
9   0.425  0.369  0.762  0.341  3.241  7.273  1.435  35.955
10  0.246  0.193  0.579  0.166  3.055  7.091  1.245  35.743
11  0.246  0.193  0.580  0.167  3.056  7.091  1.246  35.743
12  0.721  0.660  1.073  0.642  3.562  7.567  1.736  36.257
13  0.660  0.607  1.032  0.601  3.502  7.511  1.661  36.153
14  0.301  0.249  0.638  0.215  3.121  7.148  1.301  35.802
15  0.270  0.217  0.606  0.190  3.083  7.118  1.271  35.770
16  1.076  1.025  1.410  0.974  3.896  7.993  2.084  36.591
PD x ICA: Average JF-Scores PD
         0       1       2       3       4       5       6       7
0   94.144  93.282  92.140  92.414  93.956  93.476  91.985  89.652
1   73.460  73.479  69.024  70.267  73.527  75.799  70.633  69.407
2    5.627   4.900   8.744   5.359   6.151   6.141   6.002   4.442
3   26.659  26.814  21.945  21.521  27.222  24.229  22.782  16.214
4   14.154  12.392  13.684  12.607  10.848  12.768  14.359  14.769
5   54.123  51.833  56.764  52.978  52.111  52.895  51.951  53.152
6   44.024  44.179  40.352  40.738  43.812  40.642  40.071  38.118
7   17.807  17.754  14.887  16.291  17.424  18.777  17.191  16.379
8   20.648  21.390  15.556  18.040  20.941  20.732  17.409  17.592
9   16.072  16.420  15.765  14.479  16.299  16.283  15.394  16.987
10  95.160  94.813  94.924  95.036  94.791  94.998  95.247  92.723
11  95.160  94.813  94.924  95.036  94.791  94.998  95.247  92.723
12  24.444  20.467  20.531  19.536  22.441  19.894  21.029  21.175
13  10.531  10.384   9.506   9.414  10.316   9.395   9.730   9.495
14  92.112  91.774  90.834  92.058  92.465  91.431  91.181  87.907
15  42.841  42.890  40.667  42.091  42.393  40.685  40.712  41.357
16  40.928  39.807  45.361  44.705  43.985  43.214  42.046  40.570
PD x ICA: Average True Positives Amount PD
         0       1       2       3       4       5       6       7
0   10.308  10.615   9.000   9.385  10.692   9.692   9.231   9.308
1    3.154   3.154   2.846   2.769   3.077   3.308   2.769   3.385
2    2.000   1.692   2.000   1.923   2.154   1.846   2.077   1.462
3    2.538   2.462   2.154   2.615   2.538   2.385   2.462   2.308
4    1.769   1.692   1.615   1.692   1.308   1.923   1.923   1.615
5    5.692   5.462   5.308   5.385   5.385   5.692   5.308   6.231
6   10.000  10.154   8.846   8.769  10.077   9.154   8.615   8.154
7    1.923   1.846   1.615   1.769   1.846   1.846   1.769   1.615
8    4.769   5.077   3.615   4.308   4.846   5.077   4.000   4.385
9    3.385   3.538   3.308   3.000   3.615   3.538   3.308   3.769
10  24.615  24.615  24.615  25.308  24.769  25.000  24.692  23.615
11  24.615  24.615  24.615  25.308  24.769  25.000  24.692  23.615
12   3.923   3.385   2.923   3.077   3.615   3.154   3.385   2.923
13   3.923   4.000   4.308   3.923   4.000   3.923   3.923   3.462
14   9.154   9.308   8.385   8.462   9.385   8.462   8.462   7.923
15  12.538  12.538  12.000  12.538  12.462  11.846  11.923  12.000
16   5.923   5.846   6.615   7.077   6.231   6.154   6.154   6.154
PD x ICA: Average False Negatives Amount PD
         0       1       2       3       4       5       6       7
0    1.308   1.615   1.462   1.385   1.308   1.231   1.462   2.462
1    0.231   0.308   0.308   0.308   0.308   0.308   0.308   0.308
2    0.000   0.000   0.000   0.000   0.000   0.000   0.000   2.615
3    0.231   0.231   0.231   0.231   0.231   0.231   0.154   0.231
4    0.769   1.615   1.769   1.538   1.462   1.538   1.692   2.231
5    0.000   0.077   0.000   0.000   0.077   0.000   0.000   0.308
6    0.846   0.769   0.769   0.692   0.846   0.769   0.692   0.846
7    0.000   0.000   0.000   0.000   0.000   0.077   0.000   0.077
8   22.308  22.308  20.769  21.385  22.462  19.769  22.385  21.077
9   20.462  19.923  18.615  18.462  19.769  19.692  19.231  20.769
10   0.000   0.000   0.000   0.000   0.000   0.000   0.000   0.462
11   0.000   0.000   0.000   0.000   0.000   0.000   0.000   0.462
12  13.077  13.231  13.538  13.538  13.615  13.769  13.538  13.077
13   0.154   0.154   0.154   0.154   0.154   0.154   0.154   0.154
14   0.308   0.308   0.308   0.231   0.308   0.308   0.385   0.308
15   0.000   0.000   0.000   0.000   0.000   0.000   0.000   0.000
16   0.692   0.846   0.769   0.846   0.846   1.000   0.769   0.846
PD x ICA: Average False Positives Amount PD
          0        1        2        3        4        5        6        7
0     0.231    0.231    0.385    0.462    0.308    0.385    0.462    0.615
1     1.846    1.846    2.000    1.923    1.846    1.923    2.000    2.462
2    66.077   66.769   58.846   66.923   66.538   63.308   66.462   60.769
3    18.692   18.923   20.615   22.769   19.923   20.923   20.077   28.846
4    41.462   42.538   37.154   40.077   43.308   40.000   37.462   39.462
5    13.231   14.846   10.769   13.769   14.923   14.769   14.692   13.769
6    23.462   23.615   24.154   23.846   24.000   24.846   24.077   24.692
7    16.923   16.538   16.615   16.308   16.846   15.923   16.154   16.692
8    14.846   15.462   20.308   17.769   15.846   20.385   16.462   20.231
9    18.769   19.615   22.077   22.077   21.692   21.538   20.385   19.769
10    2.385    2.538    2.462    2.462    2.538    2.462    2.308    2.769
11    2.385    2.538    2.462    2.462    2.538    2.462    2.308    2.769
12    7.308    7.462    7.462    7.538    7.154    7.846    7.769    7.000
13  128.846  129.154  131.000  128.615  128.769  128.923  128.538  129.769
14    1.308    1.385    1.538    1.385    1.308    1.385    1.385    1.769
15   34.692   34.692   36.308   35.923   35.154   36.000   36.231   35.462
16   15.846   16.538   15.385   16.231   14.538   14.308   15.846   16.308
PD x ICA: Average Displacements in Samples PD
         0       1       2       3       4       5       6       7
0    2.348   2.382   2.269   2.268   2.337   2.352   2.314   2.643
1    1.729   1.740   1.876   1.858   1.734   1.840   1.876   1.930
2   15.791  15.951  14.977  15.721  15.986  16.031  15.863  15.842
3   11.968  11.757  11.865  11.956  11.989  12.418  11.815  12.232
4   18.243  19.000  17.459  18.334  18.949  17.819  17.113  17.781
5    9.270   9.231   8.646   9.275   9.383   9.885   9.472   9.817
6    7.169   7.131   6.873   6.766   7.330   7.096   6.784   7.764
7   11.433  11.454  11.823  12.089  11.565  12.313  12.181  12.403
8   11.043  10.995  12.025  12.277  11.085  12.348  12.170  12.531
9   12.455  13.131  13.367  13.177  13.019  12.394  13.439  12.707
10   3.019   2.786   2.889   2.784   2.851   3.244   2.965   3.188
11   3.019   2.786   2.889   2.784   2.851   3.244   2.965   3.188
12  19.014  18.854  18.843  18.847  18.849  18.660  18.783  18.773
13  10.290  10.317  10.316  10.179  10.287  10.329  10.204  10.290
14  11.731  11.668  11.048  11.086  11.575  11.568  10.983  12.302
15   3.344   3.282   3.810   3.401   3.391   3.544   3.473   3.939
16   5.120   4.830   5.150   4.770   4.717   5.108   4.945   5.059
PD x ICA: Average Amount Displacements PD
          0        1        2        3        4        5        6        7
0    52.231   51.615   53.385   53.077   51.846   52.923   53.154   52.077
1    60.462   60.385   60.692   60.769   60.462   60.231   60.769   60.154
2    62.462   62.769   62.462   62.538   62.308   62.615   62.385   60.385
3    61.846   61.923   62.231   61.769   61.846   62.000   62.000   62.077
4    62.462   61.692   61.615   61.769   62.231   61.538   61.385   61.154
5    59.000   59.154   59.385   59.308   59.231   59.000   59.385   58.154
6    55.154   55.077   56.385   56.538   55.077   56.077   56.692   57.000
7    62.385   62.462   62.692   62.538   62.462   62.385   62.538   62.615
8    33.615   33.308   36.308   35.000   33.385   35.846   34.308   35.231
9    36.692   37.077   38.615   39.077   37.154   37.308   38.000   36.000
10   39.462   39.462   39.462   38.769   39.308   39.077   39.385   40.000
11   39.462   39.462   39.462   38.769   39.308   39.077   39.385   40.000
12  112.077  112.462  112.615  112.462  111.846  112.154  112.154  113.077
13   60.308   60.231   59.923   60.308   60.231   60.308   60.308   60.769
14   53.846   53.692   54.615   54.615   53.615   54.538   54.462   55.077
15   52.615   52.615   53.154   52.615   52.692   53.308   53.231   53.154
16   57.538   57.462   56.769   56.231   57.077   57.000   57.231   57.154
§§§TEST§§§ Evaluation for all recordings took in total: §§§
6.0523810386657715  (segmentation time in sec)
1405.2558596134186  (evaluation time in sec)
Single PD: Average Computation Times in Seconds PD (with std)
        0      1
0   0.004  0.001
1   0.008  0.004
2   0.007  0.002
3   0.007  0.006
4   0.070  0.023
5   0.046  0.013
6   0.021  0.004
7   0.024  0.006
8   0.193  0.035
9   0.189  0.045
10  0.004  0.001
11  0.005  0.001
12  0.492  0.046
13  0.430  0.055
14  0.061  0.016
15  0.030  0.006
16  0.846  0.144
Single PD: Average JF-Scores PD (with std)
         0       1
0   92.631  12.462
1   71.949  24.223
2    5.921   6.346
3   23.423  15.867
4   13.198  17.409
5   53.226  24.565
6   41.492  10.212
7   17.064  12.044
8   19.038   9.329
9   15.962   9.340
10  94.711   4.373
11  94.711   4.373
12  21.189  15.310
13   9.846  12.403
14  91.220   7.920
15  41.704   8.838
16  42.577  13.869
Single PD: Average True Positives Amount PD (with std)
         0      1
0    9.779  3.032
1    3.058  1.610
2    1.894  1.525
3    2.433  1.277
4    1.692  1.093
5    5.558  2.320
6    9.221  3.365
7    1.779  1.379
8    4.510  2.353
9    3.433  1.796
10  24.654  4.525
11  24.654  4.525
12   3.298  3.264
13   3.933  3.055
14   8.692  2.784
15  12.231  2.034
16   6.269  2.462
Single PD: Average False Negatives Amount PD (with std)
         0      1
0    1.529  3.815
1    0.298  0.795
2    0.327  3.318
3    0.221  0.415
4    1.577  5.119
5    0.058  0.412
6    0.779  1.850
7    0.019  0.137
8   21.558  9.088
9   19.615  8.392
10   0.058  0.586
11   0.058  0.586
12  13.423  3.594
13   0.154  0.361
14   0.308  0.462
15   0.000  0.000
16   0.827  1.464
Single PD: Average False Positives Amount PD (with std)
          0       1
0     0.385   0.669
1     1.981   1.593
2    64.462  12.511
3    21.346  13.604
4    40.183  24.839
5    13.846  13.896
6    24.087   4.055
7    16.500   4.901
8    17.663  19.944
9    20.740  19.762
10    2.490   1.581
11    2.490   1.581
12    7.442   3.830
13  129.202  57.175
14    1.433   1.935
15   35.558   9.903
16   15.625   4.370
Single PD: Average Displacements in Samples PD (with std)
         0       1
0    2.363   6.517
1    1.823   4.685
2   15.770  13.154
3   12.000   9.553
4   18.090  18.518
5    9.371  12.071
6    7.114  15.834
7   11.908  20.785
8   11.825  34.673
9   12.967  45.444
10   2.966   8.936
11   2.966   8.936
12  18.828  15.992
13  10.276   8.505
14  11.495  24.714
15   3.524   7.879
16   4.963   9.810
Single PD: Average Amount Displacements PD (with std)
          0       1
0    52.538   6.277
1    60.490   4.570
2    62.240   5.476
3    61.962   4.493
4    61.731   7.279
5    59.077   3.885
6    56.000   4.701
7    62.510   4.566
8    34.625   9.973
9    37.490  10.509
10   39.365   5.348
11   39.365   5.348
12  112.356   8.662
13   60.298   5.318
14   54.308   5.196
15   52.923   4.771
16   57.058   4.553
RESULTS REPORT FOR
Proband_01
ICA_iterations:  auto
PC_considered:  7
Time_started: 18:22
Date: 27.06.2024
NOTES: